[(10, 4), (10, 4), (10, 4), (10, 4), (10, 4), (10, 4), (10, 4), (10, 4), (10, 4), (10, 4), (10, 4), (10, 4), (10, 4), (10, 4), (10, 4), (10, 4)]
10 4 1 2
[(10, 4), (5, 3), (10, 4), (5, 3), (10, 4), (10, 4), (10, 4), (5, 3), (10, 4), (10, 4), (10, 4), (10, 4), (10, 4), (10, 4), (10, 4), (10, 4)]
[(10, 4), (1, 2), (10, 4), (1, 2), (10, 4), (10, 4), (1, 2), (5, 3), (10, 4), (10, 4), (10, 4), (10, 4), (10, 4), (10, 4), (10, 4), (10, 4)]
1 2 3 3
st (10, 4) (5, 3) (5, 3) (5, 3) [(10, 4), (5, 3), (10, 4), (5, 3), (10, 4), (10, 4), (10, 2), (5, 3), (10, 4), (10, 4), (10, 4), (10, 4), (10, 4), (10, 4), (10, 4), (10, 4)]
5 3 3 3
st (10, 4) (10, 3) (10, 2) (10, 4) [(10, 4), (10, 4), (10, 4), (10, 2), (10, 4), (10, 4), (10, 2), (10, 3), (10, 4), (10, 4), (10, 4), (10, 4), (10, 4), (10, 4), (10, 4), (10, 4)]
10 4 3 3
0
2
